105951
106023
106387
106413
106461
106466
110432
116853
119986
120497
121836
121841
12254
12518
125412
126895
127007
127097
127151
127242
12910
12922
129645
130657
131079
131736
132107
132113
132325
132431
132476
132501
13276
13325
13330
133595
133617
13370
136761
138662
13870
140367
141068
141332
141336
142550
142736
143496
14353
143706
143758
14401
144394
145020
14766
148220
148977
149264
149682
149919
150135
15014
151469
151593
15318
15330
15355
156516
156526
158341
158592
158653
158736
158793
158833
159434
159483
159516
159518
159581
159630
159647
160570
166822
166869
167503
167811
167813
169293
170879
170934
171131
171727
173155
173914
173972
174017
174066
174137
174163
174213
174233
174252
176461
177730
177775
178094
179495
179512
180631
182092
182246
182247
183061
183194
183304
183305
184849
185302
185321
185430
187306
189086
189532
189549
189669
190183
191373
191642
19165
192311
193141
193927
194035
194115
19489
195201
195454
195752
196781
196866
196912
196966
197755
197791
197919
198307
198363
199587
199744
200006
200087
200119
200204
200215
200249
200320
200338
200402
200712
200877
200915
201073
201652
201678
202049
202107
202825
203347
2041
204499
204775
205564
206767
206874
207009
207161
207375
207441
207452
208641
208673
208788
208865
208971
209078
209327
209328
211059
211519
212342
212920
213850
213866
22256
226017
23107
236883
237053
2401
244705
24557
248199
248392
248478
249436
251291
252811
253836
254000
254111
254180
257336
26327
26393
26635
270961
271764
271781
27221
273462
274108
274114
274118
274257
27457
274693
27492
275029
275255
27760
27803
279552
279730
279732
279848
279869
279884
280085
28014
28037
28066
280698
28131
28143
28235
285297
285398
28904
29013
290677
291840
294700
29586
29686
298670
301929
306892
306966
308130
309819
309845
309849
309983
31061
310653
31082
310829
310933
311053
311160
313517
315877
317044
317444
317531
317765
317986
318253
318639
318675
318807
318869
319098
320118
32035
32037
32248
32272
32433
324344
325055
325220
325552
325562
325648
325681
326115
330070
330590
330705
33309
3491
373
37545
38272
39604
41913
41921
41941
41992
42003
42046
42087
42258
42264
42278
42532
42586
42594
42649
42658
42799
4283
4291
43548
50420
50551
51237
52657
54543
54595
54597
54615
55477
56868
57485
58398
60320
60646
60659
61750
61792
61862
61864
65910
66108
66121
66126
66306
66436
67084
67371
67386
67784
67786
68035
68084
6834
68607
68717
69125
69226
69344
7660
77596
79435
80596
80672
80735
80894
8656
90626
99040
99232
121825
121854
13336
13376
13390
13907
14294
14314
14359
143710
14939
15089
15091
15119
15135
15336
169479
181973
182140
184434
19341
19758
19887
199742
199810
199938
200075
200202
200319
200679
200692
201384
206694
206728
206729
207042
207470
207575
209006
21329
213831
22319
310335
310373
31042
313568
315651
318110
323153
324356
33693
54525
54580
54590
61866
65949
66033
66070
66173
66286
